1.00 0.00 0.00 0.00
1.00 0.00 0.00 0.00
1.00 0.00 0.00 0.00
1.00 0.00 0.00 0.00
1.00 0.00 0.00 0.00
1.00 0.00 0.00 0.00
0.99 0.01 0.00 0.00
1.00 0.00 0.00 0.00
1.00 0.00 0.00 0.00
1.00 0.00 0.00 0.00
1.00 0.00 0.00 0.00
1.00 0.00 0.00 0.00
1.00 0.00 0.00 0.00
1.00 0.00 0.00 0.00
1.00 0.00 0.00 0.00
1.00 0.00 0.00 0.00
1.00 0.00 0.00 0.00
1.00 0.00 0.00 0.00
0.50 0.01 0.44 0.05
1.00 0.00 0.00 0.00
1.00 0.00 0.00 0.00
0.99 0.01 0.00 0.00
0.49 0.00 0.48 0.02
1.00 0.00 0.00 0.00
1.00 0.00 0.00 0.00
1.00 0.00 0.00 0.00
1.00 0.00 0.00 0.00
1.00 0.00 0.00 0.00
1.00 0.00 0.00 0.00
1.00 0.00 0.00 0.00
1.00 0.00 0.00 0.00
0.99 0.01 0.00 0.00
1.00 0.00 0.00 0.00
0.98 0.01 0.00 0.01
1.00 0.00 0.00 0.00
1.00 0.00 0.00 0.00
1.00 0.00 0.00 0.00
1.00 0.00 0.00 0.00
1.00 0.00 0.00 0.00
1.00 0.00 0.00 0.00
1.00 0.00 0.00 0.00
1.00 0.00 0.00 0.00
1.00 0.00 0.00 0.00
1.00 0.00 0.00 0.00
0.99 0.01 0.00 0.00
0.90 0.00 0.07 0.03
1.00 0.00 0.00 0.00
1.00 0.00 0.00 0.00
1.00 0.00 0.00 0.00
0.99 0.00 0.00 0.00
1.00 0.00 0.00 0.00
1.00 0.00 0.00 0.00
1.00 0.00 0.00 0.00
0.99 0.01 0.00 0.00
1.00 0.00 0.00 0.00
1.00 0.00 0.00 0.00
1.00 0.00 0.00 0.00
1.00 0.00 0.00 0.00
1.00 0.00 0.00 0.00
1.00 0.00 0.00 0.00
1.00 0.00 0.00 0.00
1.00 0.00 0.00 0.00
1.00 0.00 0.00 0.00
1.00 0.00 0.00 0.00
1.00 0.00 0.00 0.00
1.00 0.00 0.00 0.00
1.00 0.00 0.00 0.00
1.00 0.00 0.00 0.00
1.00 0.00 0.00 0.00
1.00 0.00 0.00 0.00
1.00 0.00 0.00 0.00
1.00 0.00 0.00 0.00
1.00 0.00 0.00 0.00
1.00 0.00 0.00 0.00
1.00 0.00 0.00 0.00
1.00 0.00 0.00 0.00
1.00 0.00 0.00 0.00
0.99 0.01 0.00 0.01
1.00 0.00 0.00 0.00
1.00 0.00 0.00 0.00
0.87 0.00 0.12 0.01
1.00 0.00 0.00 0.00
1.00 0.00 0.00 0.00
1.00 0.00 0.00 0.00
1.00 0.00 0.00 0.00
1.00 0.00 0.00 0.00
1.00 0.00 0.00 0.00
1.00 0.00 0.00 0.00
0.99 0.01 0.00 0.00
1.00 0.00 0.00 0.00
1.00 0.00 0.00 0.00
1.00 0.00 0.00 0.00
1.00 0.00 0.00 0.00
1.00 0.00 0.00 0.00
1.00 0.00 0.00 0.00
1.00 0.00 0.00 0.00
1.00 0.00 0.00 0.00
1.00 0.00 0.00 0.00
1.00 0.00 0.00 0.00
0.99 0.01 0.00 0.00
1.00 0.00 0.00 0.00
1.00 0.00 0.00 0.00
1.00 0.00 0.00 0.00
1.00 0.00 0.00 0.00
1.00 0.00 0.00 0.00
1.00 0.00 0.00 0.00
1.00 0.00 0.00 0.00
0.79 0.00 0.10 0.12
1.00 0.00 0.00 0.00
1.00 0.00 0.00 0.00
1.00 0.00 0.00 0.00
1.00 0.00 0.00 0.00
1.00 0.00 0.00 0.00
1.00 0.00 0.00 0.00
1.00 0.00 0.00 0.00
1.00 0.00 0.00 0.00
1.00 0.00 0.00 0.00
1.00 0.00 0.00 0.00
1.00 0.00 0.00 0.00
0.99 0.00 0.00 0.00
1.00 0.00 0.00 0.00
1.00 0.00 0.00 0.00
1.00 0.00 0.00 0.00
1.00 0.00 0.00 0.00
1.00 0.00 0.00 0.00
1.00 0.00 0.00 0.00
1.00 0.00 0.00 0.00
1.00 0.00 0.00 0.00
1.00 0.00 0.00 0.00
1.00 0.00 0.00 0.00
0.72 0.00 0.24 0.03
1.00 0.00 0.00 0.00
1.00 0.00 0.00 0.00
1.00 0.00 0.00 0.00
1.00 0.00 0.00 0.00
1.00 0.00 0.00 0.00
1.00 0.00 0.00 0.00
0.69 0.01 0.27 0.03
