0.00 0.00 0.00 1.00
0.00 0.00 0.00 1.00
0.00 0.00 0.00 1.00
0.01 0.00 0.00 0.99
0.00 0.00 0.00 1.00
0.00 0.00 0.00 1.00
0.01 0.00 0.06 0.93
0.00 0.00 0.00 1.00
0.00 0.00 0.00 0.99
0.00 0.00 0.00 1.00
0.00 0.00 0.02 0.98
0.02 0.00 0.00 0.98
0.00 0.00 0.00 1.00
0.00 0.00 0.00 1.00
0.00 0.00 0.00 1.00
0.00 0.00 0.00 1.00
0.00 0.00 0.00 1.00
0.00 0.00 0.00 1.00
0.00 0.00 0.00 1.00
0.00 0.00 0.02 0.98
0.00 0.02 0.00 0.98
0.01 0.00 0.36 0.63
0.00 0.00 0.10 0.89
0.00 0.00 0.00 1.00
0.00 0.00 0.00 1.00
0.00 0.00 0.00 1.00
0.00 0.00 0.00 1.00
0.00 0.01 0.00 0.99
0.00 0.00 0.00 1.00
0.03 0.01 0.02 0.95
0.00 0.00 0.00 1.00
0.00 0.00 0.00 1.00
0.00 0.00 0.03 0.97
0.00 0.00 0.00 1.00
0.00 0.00 0.00 1.00
0.00 0.00 0.00 1.00
0.00 0.00 0.00 1.00
0.27 0.00 0.00 0.73
0.00 0.00 0.00 1.00
0.00 0.00 0.00 1.00
0.00 0.00 0.05 0.94
0.00 0.00 0.00 1.00
0.00 0.00 0.00 1.00
0.00 0.00 0.00 1.00
0.00 0.00 0.00 1.00
0.00 0.00 0.00 1.00
0.00 0.00 0.00 1.00
0.00 0.00 0.01 0.99
0.00 0.00 0.00 1.00
0.00 0.00 0.00 1.00
0.00 0.00 0.00 1.00
0.00 0.00 0.00 1.00
0.00 0.00 0.00 1.00
0.00 0.00 0.00 1.00
0.00 0.00 0.00 1.00
0.00 0.00 0.00 1.00
0.00 0.00 0.00 1.00
0.07 0.00 0.00 0.93
0.00 0.00 0.00 1.00
0.00 0.01 0.00 0.99
0.00 0.00 0.00 1.00
0.01 0.00 0.00 0.99
0.00 0.00 0.00 1.00
0.00 0.01 0.00 0.99
0.00 0.00 0.01 0.99
0.00 0.00 0.01 0.99
0.16 0.00 0.00 0.83
0.00 0.00 0.00 1.00
0.00 0.00 0.00 1.00
0.00 0.00 0.00 1.00
0.01 0.00 0.00 0.99
0.02 0.00 0.00 0.98
0.00 0.00 0.01 0.98
0.00 0.00 0.00 1.00
0.00 0.00 0.00 1.00
0.00 0.00 0.00 1.00
0.00 0.00 0.03 0.97
0.00 0.00 0.00 1.00
0.04 0.00 0.00 0.96
0.00 0.00 0.01 0.99
0.00 0.00 0.00 1.00
0.00 0.00 0.00 1.00
0.00 0.00 0.03 0.97
0.03 0.00 0.00 0.97
0.00 0.00 0.00 1.00
0.00 0.00 0.00 1.00
0.00 0.00 0.00 1.00
0.00 0.00 0.00 1.00
0.00 0.00 0.00 1.00
0.00 0.00 0.03 0.97
0.00 0.00 0.00 1.00
0.01 0.00 0.00 0.99
0.00 0.00 0.01 0.99
0.00 0.00 0.00 0.99
0.00 0.00 0.00 1.00
0.01 0.00 0.00 0.99
0.00 0.00 0.01 0.99
0.00 0.00 0.00 1.00
0.00 0.04 0.01 0.95
0.00 0.00 0.00 1.00
0.00 0.00 0.00 1.00
0.00 0.00 0.01 0.99
0.00 0.00 0.00 1.00
0.00 0.00 0.00 1.00
0.00 0.00 0.00 1.00
0.00 0.00 0.00 1.00
0.00 0.00 0.00 1.00
0.00 0.00 0.00 1.00
0.00 0.03 0.00 0.97
0.00 0.00 0.00 1.00
0.00 0.00 0.00 1.00
0.00 0.00 0.00 1.00
0.00 0.01 0.00 0.99
0.00 0.00 0.00 1.00
0.00 0.00 0.00 1.00
0.03 0.01 0.00 0.95
0.00 0.00 0.00 1.00
0.00 0.00 0.00 1.00
0.01 0.00 0.01 0.98
0.00 0.00 0.00 1.00
0.01 0.00 0.00 0.99
0.00 0.00 0.01 0.99
0.00 0.00 0.00 1.00
0.00 0.00 0.01 0.98
0.00 0.00 0.00 1.00
