0.00 0.00 0.99 0.01
0.00 0.00 1.00 0.00
0.00 0.00 1.00 0.00
0.33 0.00 0.59 0.07
0.00 0.00 1.00 0.00
0.00 0.00 1.00 0.00
0.01 0.00 0.98 0.01
0.00 0.00 1.00 0.00
0.00 0.00 0.98 0.02
0.25 0.00 0.55 0.19
0.02 0.00 0.95 0.03
0.00 0.00 0.99 0.01
0.27 0.01 0.64 0.08
0.00 0.00 1.00 0.00
0.00 0.01 0.98 0.01
0.00 0.00 1.00 0.00
0.00 0.00 1.00 0.00
0.01 0.00 0.95 0.03
0.00 0.00 0.98 0.01
0.00 0.00 1.00 0.00
0.00 0.00 0.99 0.01
0.00 0.00 1.00 0.00
0.00 0.00 0.99 0.01
0.00 0.00 1.00 0.00
0.00 0.00 1.00 0.00
0.10 0.00 0.86 0.04
0.20 0.00 0.75 0.05
0.00 0.00 0.96 0.03
0.00 0.00 0.99 0.01
0.00 0.00 0.99 0.00
0.01 0.00 0.98 0.01
0.00 0.00 1.00 0.00
0.00 0.00 1.00 0.00
0.39 0.01 0.52 0.08
0.01 0.00 0.98 0.01
0.00 0.00 0.99 0.00
0.00 0.00 0.99 0.01
0.00 0.00 0.99 0.01
0.00 0.00 0.99 0.00
0.00 0.00 1.00 0.00
0.00 0.00 1.00 0.00
0.00 0.00 1.00 0.00
0.00 0.00 0.99 0.01
0.00 0.00 0.98 0.01
0.16 0.00 0.72 0.12
0.01 0.00 0.98 0.01
0.00 0.00 1.00 0.00
0.00 0.00 0.98 0.01
0.00 0.00 0.99 0.00
0.00 0.00 0.99 0.00
0.00 0.00 1.00 0.00
0.00 0.00 1.00 0.00
0.04 0.00 0.83 0.13
0.02 0.01 0.94 0.03
0.00 0.00 1.00 0.00
0.00 0.00 0.99 0.00
0.00 0.00 0.99 0.01
0.00 0.00 0.99 0.01
0.00 0.00 0.99 0.00
0.00 0.00 0.98 0.02
0.01 0.00 0.97 0.01
0.00 0.00 0.99 0.01
0.00 0.01 0.99 0.01
0.00 0.00 1.00 0.00
0.00 0.00 0.99 0.01
0.00 0.00 0.98 0.02
0.00 0.00 0.99 0.01
0.01 0.00 0.97 0.02
0.00 0.16 0.83 0.01
0.00 0.00 1.00 0.00
0.35 0.01 0.55 0.10
0.15 0.00 0.76 0.09
0.00 0.00 1.00 0.00
0.26 0.01 0.67 0.07
0.00 0.00 0.99 0.01
0.00 0.00 1.00 0.00
0.00 0.02 0.95 0.02
0.15 0.00 0.73 0.12
0.00 0.00 0.99 0.01
0.13 0.01 0.81 0.05
0.00 0.00 1.00 0.00
0.00 0.00 1.00 0.00
0.00 0.00 0.99 0.00
0.00 0.00 1.00 0.00
0.00 0.00 0.99 0.01
0.00 0.00 0.93 0.07
0.00 0.00 1.00 0.00
0.00 0.00 0.98 0.01
0.00 0.00 0.99 0.00
0.02 0.00 0.90 0.08
0.00 0.01 0.97 0.02
0.00 0.00 0.96 0.03
0.00 0.00 0.99 0.00
0.16 0.00 0.64 0.20
0.00 0.00 0.99 0.01
0.00 0.00 1.00 0.00
0.00 0.00 1.00 0.00
0.00 0.00 0.99 0.01
0.00 0.00 1.00 0.00
0.04 0.00 0.93 0.03
0.00 0.00 0.99 0.01
0.00 0.00 0.99 0.01
0.03 0.00 0.95 0.02
0.00 0.00 0.99 0.01
0.00 0.00 1.00 0.00
0.01 0.00 0.98 0.01
0.01 0.00 0.80 0.19
0.00 0.00 1.00 0.00
0.01 0.00 0.97 0.02
0.00 0.00 0.99 0.01
0.00 0.00 0.97 0.02
0.00 0.00 1.00 0.00
0.00 0.00 1.00 0.00
0.06 0.00 0.90 0.04
0.01 0.31 0.57 0.11
0.00 0.00 0.99 0.01
0.00 0.12 0.85 0.03
0.36 0.00 0.56 0.07
0.00 0.01 0.97 0.01
0.00 0.02 0.97 0.01
0.00 0.00 1.00 0.00
0.00 0.00 1.00 0.00
0.00 0.00 0.99 0.01
0.00 0.00 0.99 0.01
0.00 0.00 1.00 0.00
0.00 0.01 0.98 0.00
0.00 0.00 1.00 0.00
0.00 0.01 0.98 0.01
0.31 0.00 0.59 0.10
0.35 0.00 0.58 0.07
0.00 0.00 0.99 0.01
0.00 0.00 1.00 0.00
0.00 0.00 1.00 0.00
0.38 0.01 0.56 0.05
0.09 0.00 0.87 0.04
0.00 0.00 1.00 0.00
0.00 0.00 1.00 0.00
0.01 0.00 0.97 0.02
