0.00 0.99 0.01 0.00
0.00 0.99 0.01 0.00
0.00 0.99 0.00 0.00
0.00 0.99 0.01 0.01
0.00 0.99 0.01 0.00
0.00 0.98 0.01 0.00
0.00 0.99 0.00 0.00
0.00 0.99 0.01 0.00
0.00 0.99 0.00 0.00
0.00 0.99 0.01 0.00
0.00 0.99 0.01 0.00
0.00 0.99 0.01 0.01
0.00 1.00 0.00 0.00
0.00 1.00 0.00 0.00
0.00 0.99 0.00 0.00
0.00 1.00 0.00 0.00
0.00 0.86 0.12 0.02
0.00 0.94 0.05 0.01
0.00 1.00 0.00 0.00
0.00 0.99 0.01 0.00
0.00 0.93 0.06 0.01
0.01 0.60 0.18 0.21
0.00 1.00 0.00 0.00
0.00 1.00 0.00 0.00
0.00 0.99 0.01 0.00
0.00 0.99 0.01 0.01
0.00 0.99 0.00 0.00
0.00 1.00 0.00 0.00
0.00 0.93 0.06 0.00
0.00 0.98 0.01 0.01
0.00 0.99 0.00 0.00
0.00 1.00 0.00 0.00
0.00 1.00 0.00 0.00
0.00 1.00 0.00 0.00
0.00 0.99 0.01 0.00
0.00 0.99 0.00 0.00
0.00 0.99 0.01 0.00
0.00 0.99 0.01 0.01
0.00 1.00 0.00 0.00
0.00 0.99 0.01 0.00
0.00 0.99 0.01 0.00
0.00 1.00 0.00 0.00
0.00 0.98 0.01 0.01
0.00 0.99 0.01 0.00
0.00 1.00 0.00 0.00
0.00 0.93 0.06 0.01
0.00 0.99 0.00 0.00
0.00 1.00 0.00 0.00
0.00 0.99 0.01 0.00
0.00 0.99 0.00 0.00
0.00 0.99 0.01 0.00
0.00 0.99 0.01 0.00
0.00 1.00 0.00 0.00
0.00 0.99 0.01 0.00
0.00 1.00 0.00 0.00
0.00 1.00 0.00 0.00
0.00 1.00 0.00 0.00
0.00 1.00 0.00 0.00
0.00 0.99 0.00 0.00
0.00 1.00 0.00 0.00
0.00 0.99 0.00 0.00
0.00 0.99 0.01 0.00
0.00 0.99 0.00 0.01
0.00 1.00 0.00 0.00
0.00 1.00 0.00 0.00
0.00 0.99 0.01 0.00
0.00 1.00 0.00 0.00
0.00 0.99 0.01 0.00
0.00 0.99 0.01 0.00
0.00 0.99 0.01 0.00
0.00 0.99 0.01 0.00
0.00 1.00 0.00 0.00
0.00 0.99 0.01 0.00
0.00 0.99 0.00 0.00
0.00 0.99 0.00 0.00
0.00 0.99 0.01 0.00
0.00 1.00 0.00 0.00
0.00 1.00 0.00 0.00
0.00 1.00 0.00 0.00
0.00 1.00 0.00 0.00
0.00 0.91 0.03 0.06
0.00 0.99 0.00 0.01
0.00 1.00 0.00 0.00
0.00 1.00 0.00 0.00
0.00 0.99 0.01 0.01
0.00 1.00 0.00 0.00
0.00 1.00 0.00 0.00
0.00 0.99 0.01 0.00
0.00 1.00 0.00 0.00
0.00 0.99 0.01 0.00
0.00 1.00 0.00 0.00
0.00 1.00 0.00 0.00
0.00 1.00 0.00 0.00
0.00 1.00 0.00 0.00
0.00 0.99 0.01 0.00
0.00 0.99 0.01 0.00
0.00 0.98 0.01 0.01
0.00 1.00 0.00 0.00
0.00 1.00 0.00 0.00
0.00 0.99 0.01 0.00
0.00 0.99 0.00 0.00
0.00 0.99 0.01 0.00
0.00 0.99 0.00 0.00
0.00 1.00 0.00 0.00
0.00 0.99 0.01 0.00
0.00 0.99 0.01 0.00
0.00 0.99 0.01 0.00
0.00 0.98 0.01 0.01
0.00 0.99 0.01 0.00
0.00 1.00 0.00 0.00
0.00 0.99 0.01 0.00
0.00 0.99 0.01 0.00
0.00 1.00 0.00 0.00
0.00 0.99 0.01 0.00
0.00 0.99 0.00 0.00
0.00 0.99 0.01 0.01
0.00 0.99 0.00 0.00
0.00 0.99 0.01 0.00
0.00 0.99 0.01 0.00
0.00 1.00 0.00 0.00
0.00 0.99 0.01 0.01
0.00 0.99 0.01 0.00
0.00 1.00 0.00 0.00
0.00 0.99 0.00 0.00
0.00 0.99 0.00 0.00
0.00 1.00 0.00 0.00
