0.00 1.00 0.00 0.00
0.00 0.98 0.01 0.00
0.00 1.00 0.00 0.00
0.00 1.00 0.00 0.00
0.00 1.00 0.00 0.00
0.00 0.99 0.00 0.00
0.00 1.00 0.00 0.00
0.00 1.00 0.00 0.00
0.00 1.00 0.00 0.00
0.00 1.00 0.00 0.00
0.00 1.00 0.00 0.00
0.00 0.99 0.00 0.00
0.00 1.00 0.00 0.00
0.00 0.99 0.01 0.00
0.00 1.00 0.00 0.00
0.00 1.00 0.00 0.00
0.00 1.00 0.00 0.00
0.00 1.00 0.00 0.00
0.00 0.99 0.01 0.00
0.00 1.00 0.00 0.00
0.00 1.00 0.00 0.00
0.00 1.00 0.00 0.00
0.00 1.00 0.00 0.00
0.00 1.00 0.00 0.00
0.00 1.00 0.00 0.00
0.00 1.00 0.00 0.00
0.00 1.00 0.00 0.00
0.00 1.00 0.00 0.00
0.00 1.00 0.00 0.00
0.00 0.99 0.01 0.00
0.00 1.00 0.00 0.00
0.00 1.00 0.00 0.00
0.00 1.00 0.00 0.00
0.00 1.00 0.00 0.00
0.00 1.00 0.00 0.00
0.00 1.00 0.00 0.00
0.00 0.99 0.00 0.00
0.00 0.99 0.01 0.00
0.00 0.98 0.01 0.01
0.00 0.98 0.01 0.00
0.00 1.00 0.00 0.00
0.00 1.00 0.00 0.00
0.00 1.00 0.00 0.00
0.00 1.00 0.00 0.00
0.00 1.00 0.00 0.00
0.00 1.00 0.00 0.00
0.00 1.00 0.00 0.00
0.00 1.00 0.00 0.00
0.00 1.00 0.00 0.00
0.00 1.00 0.00 0.00
0.00 1.00 0.00 0.00
0.00 0.99 0.01 0.00
0.00 1.00 0.00 0.00
0.00 0.99 0.00 0.00
0.00 1.00 0.00 0.00
0.00 1.00 0.00 0.00
0.01 0.92 0.06 0.01
0.00 1.00 0.00 0.00
0.00 1.00 0.00 0.00
0.00 1.00 0.00 0.00
0.00 0.99 0.00 0.00
0.00 1.00 0.00 0.00
0.00 1.00 0.00 0.00
0.00 1.00 0.00 0.00
0.01 0.86 0.05 0.08
0.00 1.00 0.00 0.00
0.00 1.00 0.00 0.00
0.00 1.00 0.00 0.00
0.00 1.00 0.00 0.00
0.00 1.00 0.00 0.00
0.00 1.00 0.00 0.00
0.00 1.00 0.00 0.00
0.01 0.72 0.18 0.09
0.00 1.00 0.00 0.00
0.00 1.00 0.00 0.00
0.00 1.00 0.00 0.00
0.00 0.99 0.01 0.00
0.00 1.00 0.00 0.00
0.00 1.00 0.00 0.00
0.00 0.99 0.00 0.00
0.00 1.00 0.00 0.00
0.00 0.98 0.01 0.00
0.00 0.99 0.01 0.00
0.00 1.00 0.00 0.00
0.00 1.00 0.00 0.00
0.00 1.00 0.00 0.00
0.00 1.00 0.00 0.00
0.00 1.00 0.00 0.00
0.00 1.00 0.00 0.00
0.00 1.00 0.00 0.00
0.01 0.77 0.21 0.01
0.00 1.00 0.00 0.00
0.00 1.00 0.00 0.00
0.00 1.00 0.00 0.00
0.00 1.00 0.00 0.00
0.00 1.00 0.00 0.00
0.00 1.00 0.00 0.00
0.00 0.99 0.00 0.00
0.00 1.00 0.00 0.00
0.00 1.00 0.00 0.00
0.00 0.98 0.01 0.00
0.01 0.92 0.02 0.05
0.00 1.00 0.00 0.00
0.00 1.00 0.00 0.00
0.00 1.00 0.00 0.00
0.00 1.00 0.00 0.00
0.00 1.00 0.00 0.00
0.00 1.00 0.00 0.00
0.00 0.99 0.00 0.00
0.00 1.00 0.00 0.00
0.00 1.00 0.00 0.00
0.00 1.00 0.00 0.00
0.00 0.98 0.01 0.00
0.00 1.00 0.00 0.00
0.00 1.00 0.00 0.00
0.00 0.99 0.01 0.00
0.00 1.00 0.00 0.00
0.00 1.00 0.00 0.00
0.00 1.00 0.00 0.00
0.00 0.99 0.00 0.00
0.00 1.00 0.00 0.00
0.00 1.00 0.00 0.00
0.00 1.00 0.00 0.00
0.00 0.99 0.01 0.00
0.00 1.00 0.00 0.00
0.00 0.98 0.01 0.00
0.00 0.98 0.01 0.01
0.00 1.00 0.00 0.00
