0.00 0.00 0.99 0.01
0.00 0.00 0.99 0.01
0.00 0.01 0.97 0.02
0.00 0.00 0.98 0.02
0.00 0.01 0.94 0.04
0.00 0.00 0.99 0.01
0.00 0.00 0.98 0.02
0.00 0.00 0.98 0.02
0.00 0.00 0.95 0.05
0.02 0.02 0.92 0.05
0.00 0.00 0.95 0.04
0.00 0.00 0.98 0.01
0.00 0.00 0.96 0.04
0.01 0.00 0.96 0.03
0.00 0.00 0.99 0.01
0.00 0.00 0.99 0.01
0.00 0.00 0.99 0.01
0.01 0.00 0.93 0.06
0.00 0.00 0.96 0.04
0.00 0.00 0.98 0.02
0.00 0.00 0.99 0.01
0.00 0.00 0.93 0.07
0.00 0.00 0.96 0.04
0.00 0.00 0.97 0.02
0.06 0.00 0.92 0.02
0.02 0.00 0.96 0.02
0.00 0.00 0.98 0.02
0.03 0.00 0.90 0.07
0.00 0.00 0.90 0.10
0.00 0.00 0.98 0.02
0.00 0.00 0.99 0.01
0.01 0.00 0.97 0.02
0.00 0.07 0.82 0.11
0.00 0.00 0.97 0.03
0.00 0.00 0.97 0.03
0.00 0.00 0.91 0.08
0.00 0.01 0.96 0.03
0.00 0.00 0.98 0.01
0.00 0.00 0.97 0.03
0.00 0.00 0.98 0.02
0.00 0.00 0.98 0.02
0.00 0.00 0.99 0.01
0.03 0.00 0.96 0.02
0.00 0.00 0.98 0.02
0.00 0.00 0.94 0.06
0.01 0.00 0.98 0.01
0.00 0.00 0.97 0.03
0.00 0.00 0.98 0.02
0.00 0.00 0.99 0.01
0.00 0.00 0.98 0.02
0.00 0.00 0.99 0.01
0.00 0.00 0.97 0.02
0.00 0.01 0.90 0.09
0.00 0.00 0.96 0.03
0.00 0.02 0.92 0.07
0.00 0.05 0.88 0.07
0.00 0.01 0.92 0.07
0.00 0.00 0.99 0.01
0.00 0.00 0.99 0.01
0.04 0.00 0.93 0.03
0.00 0.00 0.91 0.08
0.01 0.00 0.96 0.02
0.00 0.00 0.99 0.01
0.00 0.00 0.98 0.02
0.09 0.00 0.89 0.02
0.00 0.00 0.99 0.01
0.00 0.00 0.97 0.03
0.01 0.00 0.98 0.01
0.00 0.00 0.96 0.04
0.02 0.00 0.96 0.02
0.00 0.00 0.98 0.02
0.00 0.01 0.96 0.03
0.16 0.00 0.81 0.03
0.00 0.00 0.99 0.01
0.00 0.00 0.98 0.02
0.41 0.00 0.54 0.04
0.00 0.00 0.99 0.01
0.00 0.00 0.98 0.02
0.00 0.00 0.99 0.01
0.01 0.00 0.97 0.02
0.00 0.00 0.96 0.04
0.00 0.00 0.99 0.01
0.01 0.00 0.95 0.04
0.00 0.00 0.94 0.06
0.02 0.00 0.95 0.02
0.00 0.00 0.99 0.01
0.00 0.00 0.98 0.01
0.00 0.00 0.97 0.03
0.00 0.00 0.99 0.01
0.00 0.00 0.98 0.01
0.03 0.00 0.95 0.02
0.00 0.00 0.98 0.02
0.00 0.00 0.99 0.01
0.00 0.00 0.97 0.03
0.00 0.00 0.97 0.02
0.02 0.00 0.97 0.01
0.00 0.00 0.93 0.07
0.00 0.00 0.98 0.01
0.04 0.00 0.93 0.03
0.00 0.00 0.97 0.03
0.00 0.00 0.98 0.02
0.00 0.00 0.99 0.01
0.01 0.33 0.60 0.06
0.00 0.00 0.97 0.03
0.00 0.00 0.99 0.01
0.00 0.00 0.97 0.03
0.00 0.00 0.96 0.04
0.01 0.01 0.92 0.06
0.00 0.00 0.99 0.01
0.00 0.00 0.98 0.02
0.00 0.00 0.98 0.02
0.00 0.00 0.98 0.02
0.00 0.00 0.98 0.01
0.00 0.00 0.99 0.01
0.00 0.06 0.91 0.03
0.00 0.00 0.97 0.03
0.00 0.06 0.89 0.05
0.01 0.00 0.97 0.02
0.00 0.00 0.99 0.01
0.13 0.00 0.82 0.05
0.00 0.00 0.99 0.01
0.03 0.00 0.95 0.02
0.00 0.00 0.99 0.01
0.00 0.00 0.99 0.01
0.02 0.00 0.97 0.02
0.00 0.00 0.98 0.02
0.02 0.00 0.94 0.04
0.01 0.00 0.97 0.02
0.00 0.05 0.77 0.18
0.00 0.00 0.97 0.03
0.00 0.00 0.99 0.01
0.00 0.00 0.99 0.01
0.00 0.00 0.98 0.02
0.01 0.00 0.86 0.12
0.00 0.00 0.98 0.02
0.00 0.00 0.92 0.08
0.00 0.00 0.99 0.01
0.00 0.00 0.98 0.02
0.00 0.00 0.98 0.02
