0.00 0.00 0.00 1.00
0.00 0.00 0.00 1.00
0.00 0.00 0.00 1.00
0.00 0.00 0.00 1.00
0.00 0.00 0.00 1.00
0.00 0.00 0.00 1.00
0.00 0.00 0.00 1.00
0.01 0.00 0.00 0.99
0.00 0.00 0.00 1.00
0.00 0.00 0.00 1.00
0.00 0.00 0.00 1.00
0.01 0.00 0.01 0.97
0.00 0.00 0.00 1.00
0.00 0.00 0.00 1.00
0.00 0.00 0.00 1.00
0.01 0.00 0.00 0.99
0.00 0.00 0.00 1.00
0.00 0.00 0.02 0.97
0.00 0.00 0.00 1.00
0.00 0.00 0.00 1.00
0.00 0.00 0.00 1.00
0.00 0.00 0.00 1.00
0.00 0.00 0.00 1.00
0.00 0.00 0.00 1.00
0.00 0.00 0.00 1.00
0.00 0.00 0.00 1.00
0.00 0.00 0.00 1.00
0.00 0.00 0.00 1.00
0.00 0.00 0.00 1.00
0.00 0.00 0.00 1.00
0.00 0.00 0.00 1.00
0.00 0.00 0.00 1.00
0.00 0.00 0.00 1.00
0.00 0.00 0.00 1.00
0.00 0.00 0.00 1.00
0.02 0.00 0.01 0.97
0.00 0.00 0.00 1.00
0.00 0.00 0.00 1.00
0.00 0.00 0.00 1.00
0.00 0.00 0.48 0.52
0.00 0.00 0.00 1.00
0.00 0.00 0.00 1.00
0.00 0.00 0.00 1.00
0.00 0.00 0.18 0.82
0.00 0.00 0.00 1.00
0.00 0.00 0.00 0.99
0.00 0.00 0.01 0.99
0.01 0.00 0.00 0.99
0.01 0.00 0.01 0.98
0.00 0.00 0.00 1.00
0.00 0.00 0.00 1.00
0.04 0.00 0.05 0.91
0.00 0.00 0.02 0.98
0.00 0.00 0.04 0.96
0.00 0.00 0.00 1.00
0.00 0.00 0.00 1.00
0.00 0.00 0.00 1.00
0.00 0.00 0.00 1.00
0.00 0.00 0.00 1.00
0.00 0.00 0.00 1.00
0.00 0.00 0.00 1.00
0.00 0.00 0.00 1.00
0.00 0.00 0.00 1.00
0.00 0.00 0.00 1.00
0.00 0.00 0.00 1.00
0.00 0.00 0.00 1.00
0.00 0.00 0.00 1.00
0.00 0.00 0.00 1.00
0.10 0.00 0.03 0.86
0.00 0.00 0.00 1.00
0.00 0.00 0.00 1.00
0.00 0.00 0.00 1.00
0.01 0.00 0.06 0.93
0.00 0.00 0.00 1.00
0.00 0.00 0.00 1.00
0.00 0.00 0.00 1.00
0.00 0.00 0.01 0.99
0.36 0.00 0.00 0.64
0.00 0.00 0.00 1.00
0.00 0.00 0.00 1.00
0.00 0.00 0.00 1.00
0.01 0.00 0.00 0.99
0.00 0.00 0.00 1.00
0.00 0.00 0.00 1.00
0.00 0.00 0.00 1.00
0.00 0.00 0.00 0.99
0.00 0.00 0.00 1.00
0.01 0.00 0.01 0.98
0.00 0.00 0.00 1.00
0.00 0.00 0.00 1.00
0.00 0.00 0.00 1.00
0.00 0.00 0.00 1.00
0.00 0.00 0.00 1.00
0.00 0.00 0.00 1.00
0.00 0.00 0.00 1.00
0.00 0.00 0.00 1.00
0.00 0.00 0.00 1.00
0.00 0.00 0.00 1.00
0.00 0.00 0.00 1.00
0.00 0.00 0.00 1.00
0.00 0.00 0.00 1.00
0.00 0.00 0.01 0.99
0.00 0.00 0.00 1.00
0.00 0.00 0.35 0.65
0.00 0.00 0.00 1.00
0.02 0.00 0.00 0.97
0.00 0.00 0.00 1.00
0.01 0.00 0.00 0.99
0.00 0.00 0.00 1.00
0.00 0.00 0.00 1.00
0.00 0.00 0.01 0.99
0.00 0.00 0.00 1.00
0.00 0.00 0.00 1.00
0.00 0.00 0.00 1.00
0.00 0.00 0.00 1.00
0.00 0.00 0.00 1.00
0.00 0.00 0.02 0.98
0.00 0.00 0.00 1.00
0.00 0.00 0.00 1.00
0.00 0.00 0.00 1.00
0.00 0.00 0.00 1.00
0.00 0.00 0.02 0.98
0.00 0.00 0.00 1.00
0.00 0.00 0.00 1.00
0.00 0.00 0.00 1.00
