1.00 0.00 0.00 0.00
1.00 0.00 0.00 0.00
1.00 0.00 0.00 0.00
1.00 0.00 0.00 0.00
1.00 0.00 0.00 0.00
0.92 0.02 0.04 0.01
1.00 0.00 0.00 0.00
1.00 0.00 0.00 0.00
0.99 0.01 0.00 0.00
1.00 0.00 0.00 0.00
1.00 0.00 0.00 0.00
1.00 0.00 0.00 0.00
1.00 0.00 0.00 0.00
1.00 0.00 0.00 0.00
1.00 0.00 0.00 0.00
1.00 0.00 0.00 0.00
1.00 0.00 0.00 0.00
1.00 0.00 0.00 0.00
1.00 0.00 0.00 0.00
1.00 0.00 0.00 0.00
0.99 0.01 0.00 0.00
1.00 0.00 0.00 0.00
1.00 0.00 0.00 0.00
1.00 0.00 0.00 0.00
0.99 0.01 0.00 0.00
1.00 0.00 0.00 0.00
1.00 0.00 0.00 0.00
0.99 0.00 0.00 0.00
1.00 0.00 0.00 0.00
0.98 0.01 0.00 0.01
0.87 0.04 0.08 0.00
0.41 0.04 0.18 0.37
1.00 0.00 0.00 0.00
1.00 0.00 0.00 0.00
1.00 0.00 0.00 0.00
1.00 0.00 0.00 0.00
1.00 0.00 0.00 0.00
1.00 0.00 0.00 0.00
0.99 0.01 0.00 0.00
1.00 0.00 0.00 0.00
0.99 0.00 0.00 0.00
1.00 0.00 0.00 0.00
0.99 0.00 0.00 0.00
1.00 0.00 0.00 0.00
1.00 0.00 0.00 0.00
1.00 0.00 0.00 0.00
1.00 0.00 0.00 0.00
1.00 0.00 0.00 0.00
1.00 0.00 0.00 0.00
1.00 0.00 0.00 0.00
1.00 0.00 0.00 0.00
1.00 0.00 0.00 0.00
1.00 0.00 0.00 0.00
0.93 0.04 0.03 0.00
1.00 0.00 0.00 0.00
0.66 0.02 0.22 0.10
1.00 0.00 0.00 0.00
1.00 0.00 0.00 0.00
1.00 0.00 0.00 0.00
0.99 0.00 0.00 0.00
1.00 0.00 0.00 0.00
1.00 0.00 0.00 0.00
1.00 0.00 0.00 0.00
0.76 0.05 0.18 0.01
1.00 0.00 0.00 0.00
1.00 0.00 0.00 0.00
0.99 0.01 0.00 0.00
1.00 0.00 0.00 0.00
0.99 0.01 0.00 0.00
1.00 0.00 0.00 0.00
0.95 0.03 0.02 0.00
0.97 0.01 0.01 0.01
0.49 0.04 0.46 0.01
0.99 0.01 0.00 0.00
1.00 0.00 0.00 0.00
1.00 0.00 0.00 0.00
0.99 0.00 0.00 0.00
0.99 0.01 0.00 0.00
1.00 0.00 0.00 0.00
1.00 0.00 0.00 0.00
1.00 0.00 0.00 0.00
1.00 0.00 0.00 0.00
1.00 0.00 0.00 0.00
0.96 0.01 0.02 0.01
1.00 0.00 0.00 0.00
1.00 0.00 0.00 0.00
0.99 0.01 0.00 0.00
1.00 0.00 0.00 0.00
1.00 0.00 0.00 0.00
1.00 0.00 0.00 0.00
0.99 0.00 0.00 0.00
1.00 0.00 0.00 0.00
1.00 0.00 0.00 0.00
0.88 0.04 0.07 0.00
1.00 0.00 0.00 0.00
1.00 0.00 0.00 0.00
1.00 0.00 0.00 0.00
1.00 0.00 0.00 0.00
1.00 0.00 0.00 0.00
1.00 0.00 0.00 0.00
1.00 0.00 0.00 0.00
1.00 0.00 0.00 0.00
0.99 0.01 0.00 0.00
1.00 0.00 0.00 0.00
1.00 0.00 0.00 0.00
1.00 0.00 0.00 0.00
1.00 0.00 0.00 0.00
0.53 0.03 0.42 0.02
1.00 0.00 0.00 0.00
0.99 0.00 0.00 0.00
1.00 0.00 0.00 0.00
1.00 0.00 0.00 0.00
1.00 0.00 0.00 0.00
0.83 0.03 0.11 0.02
1.00 0.00 0.00 0.00
1.00 0.00 0.00 0.00
1.00 0.00 0.00 0.00
1.00 0.00 0.00 0.00
0.99 0.01 0.00 0.00
1.00 0.00 0.00 0.00
1.00 0.00 0.00 0.00
1.00 0.00 0.00 0.00
1.00 0.00 0.00 0.00
1.00 0.00 0.00 0.00
1.00 0.00 0.00 0.00
1.00 0.00 0.00 0.00
1.00 0.00 0.00 0.00
0.98 0.01 0.00 0.01
1.00 0.00 0.00 0.00
1.00 0.00 0.00 0.00
1.00 0.00 0.00 0.00
0.85 0.05 0.09 0.00
1.00 0.00 0.00 0.00
1.00 0.00 0.00 0.00
1.00 0.00 0.00 0.00
1.00 0.00 0.00 0.00
1.00 0.00 0.00 0.00
1.00 0.00 0.00 0.00
1.00 0.00 0.00 0.00
0.99 0.01 0.00 0.00
0.98 0.01 0.00 0.00
1.00 0.00 0.00 0.00
1.00 0.00 0.00 0.00
1.00 0.00 0.00 0.00
1.00 0.00 0.00 0.00
