0.000 -0.615
0.010 -0.665
0.020 -0.691
0.030 -0.733
0.040 -0.764
0.050 -0.796
0.060 -0.830
0.070 -0.856
0.080 -0.960
0.090 -0.951
0.100 -1.071
0.110 -1.073
0.119 -1.130
0.130 -1.210
0.140 -1.215
0.150 -1.279
0.160 -1.329
0.170 -1.324
0.180 -1.438
0.190 -1.477
0.200 -1.563
0.210 -1.617
0.220 -1.645
0.230 -1.708
0.240 -1.761
0.250 -1.769
0.260 -1.850
0.270 -1.842
0.280 -1.919
0.290 -1.928
0.300 -2.001
0.310 -2.007
0.320 -1.996
0.330 -2.023
0.340 -2.061
0.350 -2.126
0.360 -2.066
0.370 -1.691
0.380 -1.592
0.390 -1.701
0.400 -1.632
0.410 -1.673
0.420 -1.639
0.430 -1.615
0.440 -1.617
0.450 -1.644
0.460 -1.613
0.470 -1.622
0.480 -1.580
0.490 -1.600
0.490 -1.477
0.500 -1.469
0.509 -1.500
0.519 -1.468
0.529 -1.478
0.539 -1.422
0.549 -1.487
0.559 -1.435
0.568 -1.443
0.578 -1.437
0.588 -1.416
0.598 -1.430
0.608 -1.402
0.618 -1.411
0.630 -1.377
0.640 -1.398
0.650 -1.412
0.660 -1.354
0.670 -1.368
0.680 -1.371
0.690 -1.332
0.699 -1.342
0.709 -1.327
0.719 -1.358
0.729 -1.370
0.738 -1.339
0.750 -1.296
0.760 -1.295
0.770 -1.297
0.780 -1.313
0.789 -1.283
0.799 -1.317
0.809 -1.282
0.819 -1.303
0.828 -1.273
0.838 -1.271
0.850 -1.255
0.860 -1.292
0.870 -1.268
0.880 -1.291
0.889 -1.294
0.899 -1.240
0.909 -1.252
0.918 -1.252
0.928 -1.228
0.940 -1.246
0.950 -1.277
0.960 -1.268
0.970 -1.250
0.980 -1.268
0.980 -1.278
0.980 -1.278
0.987 -1.262
0.996 -1.243
1.008 -1.275
1.018 -1.276
1.028 -1.272
1.038 -1.227
1.048 -1.240
1.058 -1.297
1.067 -1.289
1.076 -1.277
1.086 -1.281
1.098 -1.271
1.108 -1.255
1.118 -1.305
1.128 -1.289
1.138 -1.312
1.148 -1.293
1.157 -1.288
1.167 -1.321
1.176 -1.298
1.188 -1.306
1.198 -1.312
1.208 -1.322
1.218 -1.300
1.228 -1.309
1.237 -1.322
1.247 -1.341
1.256 -1.347
1.266 -1.314
1.278 -1.364
1.288 -1.347
1.298 -1.353
1.308 -1.404
1.318 -1.395
1.327 -1.392
1.337 -1.402
1.348 -1.442
1.357 -1.430
1.367 -1.414
1.378 -1.473
1.388 -1.452
1.398 -1.453
1.408 -1.494
1.418 -1.462
1.427 -1.453
1.437 -1.503
1.448 -1.493
1.458 -1.538
1.458 -1.532
1.458 -1.532
1.465 -1.571
1.475 -1.567
1.485 -1.570
1.494 -1.605
1.505 -1.635
1.515 -1.605
1.525 -1.595
1.535 -1.417
1.545 -1.401
1.555 -1.430
1.565 -1.421
1.575 -1.362
1.585 -1.354
1.595 -1.313
1.605 -1.251
1.615 -1.143
1.625 -0.979
1.635 -0.878
1.645 -0.605
1.655 -0.452
1.664 -0.335
1.675 -0.169
1.685 0.025
1.695 0.180
1.705 0.311
1.715 0.379
1.725 0.554
1.735 0.651
1.744 0.841
1.754 1.070
1.763 1.219
1.775 1.427
1.785 1.542
1.795 1.670
1.805 1.789
1.815 1.871
1.825 1.996
1.835 2.124
1.845 2.160
1.855 2.278
1.865 2.382
1.875 2.411
1.885 2.361
1.895 2.471
1.904 2.768
1.914 2.428
1.925 2.742
1.935 2.596
1.935 2.001
1.935 2.001
1.942 2.126
1.952 2.017
1.960 2.106
1.972 2.074
1.982 2.055
1.992 2.052
2.002 2.033
2.012 2.043
2.022 2.045
2.032 2.097
2.042 2.083
2.052 2.057
2.062 2.044
2.072 2.049
2.082 2.041
2.092 2.041
2.102 2.041
2.112 2.066
2.122 2.096
2.130 2.025
2.140 2.069
2.152 2.082
2.162 2.071
2.172 2.108
2.182 2.103
2.192 2.131
2.202 2.087
2.210 2.078
2.220 2.131
2.230 2.078
2.242 2.071
2.252 2.114
2.262 2.107
2.272 2.162
2.282 2.135
2.292 2.114
2.302 2.127
2.312 2.113
2.322 2.162
2.332 2.148
2.342 2.156
2.352 2.176
2.362 1.948
2.372 2.048
2.382 2.018
2.392 2.039
2.402 2.044
2.412 2.053
2.412 2.015
2.412 2.015
2.419 2.020
2.429 2.046
2.439 2.052
2.449 2.053
2.459 2.012
2.469 1.983
2.479 1.995
2.489 2.023
2.499 2.008
2.509 2.023
2.519 1.978
2.529 2.000
2.539 1.960
2.549 1.944
2.559 1.989
2.569 2.015
2.579 1.953
2.589 1.931
2.599 1.957
2.609 1.934
2.619 1.943
2.629 1.928
2.639 1.977
2.649 1.919
2.659 1.923
2.669 1.943
2.679 1.932
2.689 1.891
2.699 1.890
2.709 1.896
2.719 1.881
2.729 1.884
2.739 1.859
2.749 1.843
2.759 1.845
2.769 1.835
2.779 1.772
2.789 1.847
2.799 1.813
2.809 1.854
2.819 1.802
2.829 1.794
2.839 1.791
2.849 1.807
2.859 1.804
2.869 1.787
2.879 1.808
2.889 1.769
2.889 1.729
2.889 1.729
2.895 1.768
2.905 1.750
2.915 1.699
2.925 1.704
2.935 1.689
2.945 1.678
2.955 1.662
2.965 1.676
2.975 1.652
2.985 1.597
2.995 1.550
3.005 1.566
3.015 1.529
3.025 1.468
3.035 1.439
3.045 1.379
3.055 1.355
3.065 1.332
3.075 1.266
3.085 1.258
3.095 1.264
3.105 1.195
3.115 1.189
3.125 1.107
3.135 1.075
3.145 1.015
3.155 0.911
3.165 0.876
3.175 0.752
3.185 0.707
3.195 0.610
3.203 0.632
3.213 0.527
3.225 0.462
3.235 0.504
3.245 0.467
3.255 0.407
3.265 0.355
3.275 0.222
3.285 0.182
3.295 0.174
3.305 0.171
3.315 0.210
3.325 0.167
3.335 0.070
3.345 0.094
3.355 0.078
3.365 -0.003
3.365 -0.369
3.365 -0.369
3.372 -0.322
3.382 -0.289
3.392 0.384
3.402 0.203
3.412 0.229
3.422 0.159
3.432 0.220
3.442 0.153
3.452 0.053
3.462 0.089
3.472 0.092
3.482 0.079
3.492 0.098
3.502 0.092
3.512 0.017
3.522 0.013
3.532 -0.013
3.542 0.071
3.552 0.100
3.562 0.174
3.572 0.147
3.582 0.113
3.592 0.131
3.602 0.100
3.612 -0.005
3.622 -0.059
3.632 0.014
3.642 0.015
3.652 -0.034
3.662 -0.037
3.672 -0.038
3.682 0.008
3.692 0.038
3.702 0.114
3.712 0.115
3.722 0.109
3.732 0.106
3.742 0.038
3.752 -0.004
3.762 -0.045
3.772 -0.077
3.782 -0.036
3.792 -0.055
3.802 -0.047
3.812 -0.080
3.822 -0.051
3.832 -0.011
3.842 0.070
3.842 0.297
3.842 0.297
3.849 0.274
3.859 0.157
3.869 -0.059
3.879 -0.060
3.889 -0.012
3.899 -0.015
3.909 0.066
3.919 0.140
3.929 0.121
3.939 0.169
3.949 0.171
3.959 0.202
3.969 0.189
3.979 0.338
3.989 0.316
3.999 0.281
4.009 0.183
4.019 0.115
4.029 0.110
4.039 0.136
4.049 0.160
4.059 0.167
4.069 0.159
4.079 0.207
4.089 0.286
4.099 0.323
4.109 0.405
4.119 0.381
4.129 0.378
4.139 0.409
4.149 0.391
4.159 0.284
4.169 0.243
4.179 0.240
4.189 0.243
4.199 0.298
4.209 0.309
4.219 0.346
4.229 0.419
4.239 0.436
4.249 0.462
4.259 0.442
4.269 0.455
4.279 0.429
4.289 0.433
4.299 0.276
4.309 0.174
4.319 -0.108
4.319 0.168
4.319 0.168
4.327 0.148
4.337 0.164
4.347 0.184
4.357 0.165
4.367 0.184
4.377 0.139
4.387 0.081
4.396 0.064
4.406 0.013
4.415 0.031
4.427 -0.056
4.437 0.009
4.447 0.013
4.457 0.015
4.467 -0.010
4.477 0.029
4.486 0.160
4.495 0.168
4.507 0.167
4.517 0.156
4.527 0.217
4.537 -0.033
4.547 -0.020
4.556 0.016
4.566 -0.007
4.577 0.032
4.587 -0.016
4.597 0.048
4.607 0.132
4.617 0.172
4.627 0.239
4.636 0.252
4.646 0.346
4.657 0.563
4.667 0.473
4.677 0.427
4.687 0.370
4.697 0.336
4.707 0.379
4.716 0.381
4.726 0.443
4.737 0.431
4.747 0.549
4.757 0.596
4.767 0.627
4.777 0.614
4.787 0.623
4.796 0.669
4.796 0.771
4.796 0.771
4.805 0.800
4.815 0.791
4.825 0.825
4.835 0.887
4.845 0.891
4.854 0.945
4.864 1.029
4.875 1.091
4.885 1.124
4.895 1.149
4.905 1.176
4.915 1.168
4.925 1.134
4.934 1.215
4.944 1.317
4.955 1.184
4.965 0.774
4.975 0.703
4.985 0.835
4.995 0.911
5.005 0.936
5.014 0.933
5.024 0.947
5.035 0.967
5.045 0.972
5.055 0.984
5.065 0.930
5.075 0.905
5.085 0.894
5.094 0.914
5.104 0.915
5.115 0.943
5.125 0.938
5.135 0.885
5.145 0.892
5.155 0.950
5.165 0.944
5.174 0.918
5.184 0.890
5.195 0.967
5.205 0.936
5.215 0.881
5.225 0.858
5.235 0.883
5.245 0.858
5.255 0.837
5.265 0.903
5.275 0.820
5.275 0.858
5.275 0.858
5.282 0.833
5.292 0.856
5.302 0.855
5.312 0.859
5.322 0.824
5.332 0.809
5.342 0.822
5.352 0.821
5.362 0.815
5.372 0.807
5.382 0.792
5.392 0.774
5.402 0.752
5.412 0.781
5.422 0.757
5.432 0.812
5.442 0.810
5.452 0.778
5.462 0.777
5.472 0.783
5.482 0.765
5.492 0.714
5.502 0.787
5.512 0.772
5.522 0.732
5.532 0.706
5.542 0.695
5.552 0.706
5.562 0.724
5.572 0.720
5.582 0.779
5.592 0.764
5.602 0.692
5.612 0.701
5.622 0.688
5.632 0.687
5.642 0.666
5.652 0.706
5.662 0.692
5.672 0.657
5.682 0.653
5.692 0.670
5.702 0.655
5.712 0.656
5.722 0.713
5.732 0.673
5.742 0.652
5.752 0.635
