0.000 -0.052
0.010 -0.050
0.020 -0.047
0.030 -0.048
0.040 -0.039
0.050 -0.026
0.060 -0.017
0.070 -0.010
0.080 -0.005
0.090 -0.006
0.100 -0.019
0.110 -0.026
0.119 -0.050
0.130 -0.064
0.140 -0.067
0.150 -0.071
0.160 -0.054
0.170 -0.057
0.180 -0.059
0.190 -0.059
0.200 -0.058
0.210 -0.062
0.220 -0.056
0.230 -0.046
0.240 -0.037
0.250 -0.020
0.260 -0.015
0.270 -0.022
0.280 -0.015
0.290 -0.022
0.300 -0.005
0.310 -0.012
0.320 -0.013
0.330 -0.017
0.340 -0.019
0.350 -0.026
0.360 -0.018
0.370 -0.020
0.380 -0.006
0.390 0.001
0.400 -0.009
0.410 -0.011
0.420 -0.014
0.430 -0.024
0.440 -0.013
0.450 -0.010
0.460 -0.010
0.470 0.001
0.480 0.004
0.490 0.004
0.490 -0.002
0.500 0.001
0.509 -0.003
0.519 -0.013
0.529 -0.023
0.539 -0.022
0.549 -0.012
0.559 -0.005
0.568 0.002
0.578 0.010
0.588 0.001
0.598 0.003
0.608 -0.013
0.618 -0.024
0.630 -0.018
0.640 -0.018
0.650 -0.006
0.660 0.002
0.670 0.000
0.680 0.007
0.690 0.003
0.699 -0.004
0.709 -0.012
0.719 -0.021
0.729 -0.017
0.738 -0.022
0.750 -0.022
0.760 -0.025
0.770 -0.024
0.780 -0.031
0.789 -0.031
0.799 -0.040
0.809 -0.044
0.819 -0.039
0.828 -0.031
0.838 -0.030
0.850 -0.042
0.860 -0.043
0.870 -0.045
0.880 -0.051
0.889 -0.057
0.899 -0.062
0.909 -0.065
0.918 -0.067
0.928 -0.064
0.940 -0.069
0.950 -0.068
0.960 -0.071
0.970 -0.064
0.980 -0.064
0.980 -0.052
0.980 -0.052
0.987 -0.055
0.996 -0.058
1.008 -0.060
1.018 -0.047
1.028 -0.040
1.038 -0.042
1.048 -0.038
1.058 -0.037
1.067 -0.035
1.076 -0.052
1.086 -0.054
1.098 -0.068
1.108 -0.073
1.118 -0.068
1.128 -0.079
1.138 -0.075
1.148 -0.082
1.157 -0.072
1.167 -0.064
1.176 -0.066
1.188 -0.074
1.198 -0.071
1.208 -0.078
1.218 -0.077
1.228 -0.086
1.237 -0.081
1.247 -0.084
1.256 -0.078
1.266 -0.079
1.278 -0.084
1.288 -0.094
1.298 -0.099
1.308 -0.104
1.318 -0.099
1.327 -0.103
1.337 -0.105
1.348 -0.091
1.357 -0.089
1.367 -0.101
1.378 -0.098
1.388 -0.103
1.398 -0.094
1.408 -0.087
1.418 -0.095
1.427 -0.091
1.437 -0.087
1.448 -0.092
1.458 -0.099
1.458 -0.091
1.458 -0.091
1.465 -0.095
1.475 -0.107
1.485 -0.096
1.494 -0.087
1.505 -0.085
1.515 -0.082
1.525 -0.083
1.535 -0.100
1.545 -0.106
1.555 -0.105
1.565 -0.103
1.575 -0.095
1.585 -0.074
1.595 -0.066
1.605 -0.042
1.615 -0.053
1.625 -0.073
1.635 -0.093
1.645 -0.081
1.655 -0.058
1.664 -0.057
1.675 -0.058
1.685 -0.056
1.695 -0.036
1.705 -0.025
1.715 -0.011
1.725 -0.011
1.735 -0.004
1.744 0.017
1.754 0.049
1.763 0.083
1.775 0.127
1.785 0.136
1.795 0.106
1.805 0.066
1.815 0.037
1.825 0.053
1.835 0.058
1.845 0.081
1.855 0.091
1.865 0.089
1.875 0.075
1.885 0.050
1.895 0.033
1.904 0.004
1.914 -0.036
1.925 -0.065
1.935 -0.081
1.935 -0.040
1.935 -0.040
1.942 -0.011
1.952 -0.019
1.960 -0.020
1.972 -0.032
1.982 -0.031
1.992 -0.058
2.002 -0.094
2.012 -0.124
2.022 -0.137
2.032 -0.144
2.042 -0.127
2.052 -0.102
2.062 -0.107
2.072 -0.124
2.082 -0.148
2.092 -0.173
2.102 -0.180
2.112 -0.168
2.122 -0.144
2.130 -0.151
2.140 -0.136
2.152 -0.138
2.162 -0.145
2.172 -0.133
2.182 -0.117
2.192 -0.127
2.202 -0.132
2.210 -0.120
2.220 -0.114
2.230 -0.105
2.242 -0.110
2.252 -0.104
2.262 -0.110
2.272 -0.111
2.282 -0.120
2.292 -0.120
2.302 -0.101
2.312 -0.085
2.322 -0.089
2.332 -0.087
2.342 -0.107
2.352 -0.124
2.362 -0.128
2.372 -0.119
2.382 -0.111
2.392 -0.077
2.402 -0.075
2.412 -0.092
2.412 -0.098
2.412 -0.098
2.419 -0.085
2.429 -0.073
2.439 -0.083
2.449 -0.111
2.459 -0.129
2.469 -0.144
2.479 -0.132
2.489 -0.120
2.499 -0.124
2.509 -0.126
2.519 -0.138
2.529 -0.159
2.539 -0.170
2.549 -0.161
2.559 -0.139
2.569 -0.131
2.579 -0.122
2.589 -0.117
2.599 -0.124
2.609 -0.129
2.619 -0.140
2.629 -0.133
2.639 -0.120
2.649 -0.118
2.659 -0.133
2.669 -0.138
2.679 -0.139
2.689 -0.130
2.699 -0.121
2.709 -0.120
2.719 -0.124
2.729 -0.138
2.739 -0.155
2.749 -0.160
2.759 -0.131
2.769 -0.124
2.779 -0.132
2.789 -0.139
2.799 -0.155
2.809 -0.173
2.819 -0.174
2.829 -0.158
2.839 -0.140
2.849 -0.149
2.859 -0.157
2.869 -0.155
2.879 -0.144
2.889 -0.146
2.889 -0.154
2.889 -0.154
2.895 -0.152
2.905 -0.159
2.915 -0.163
2.925 -0.165
2.935 -0.184
2.945 -0.185
2.955 -0.187
2.965 -0.198
2.975 -0.218
2.985 -0.217
2.995 -0.225
3.005 -0.217
3.015 -0.205
3.025 -0.214
3.035 -0.239
3.045 -0.277
3.055 -0.300
3.065 -0.305
3.075 -0.292
3.085 -0.266
3.095 -0.226
3.105 -0.108
3.115 0.004
3.125 0.078
3.135 0.092
3.145 0.062
3.155 0.004
3.165 -0.081
3.175 -0.170
3.185 -0.264
3.195 -0.314
3.203 -0.318
3.213 -0.269
3.225 -0.242
3.235 -0.228
3.245 -0.186
3.255 -0.153
3.265 -0.136
3.275 -0.111
3.285 -0.070
3.295 -0.028
3.305 0.027
3.315 0.082
3.325 0.065
3.335 0.003
3.345 -0.075
3.355 -0.165
3.365 -0.228
3.365 -0.235
3.365 -0.235
3.372 -0.211
3.382 -0.196
3.392 -0.150
3.402 -0.110
3.412 -0.052
3.422 0.016
3.432 0.082
3.442 0.098
3.452 0.073
3.462 -0.014
3.472 -0.090
3.482 -0.168
3.492 -0.238
3.502 -0.303
3.512 -0.367
3.522 -0.371
3.532 -0.380
3.542 -0.349
3.552 -0.303
3.562 -0.211
3.572 -0.126
3.582 -0.035
3.592 0.017
3.602 -0.003
3.612 -0.061
3.622 -0.136
3.632 -0.216
3.642 -0.269
3.652 -0.319
3.662 -0.365
3.672 -0.362
3.682 -0.331
3.692 -0.301
3.702 -0.259
3.712 -0.217
3.722 -0.175
3.732 -0.126
3.742 -0.077
3.752 -0.066
3.762 -0.081
3.772 -0.126
3.782 -0.191
3.792 -0.275
3.802 -0.314
3.812 -0.342
3.822 -0.375
3.832 -0.379
3.842 -0.346
3.842 -0.114
3.842 -0.114
3.849 -0.053
3.859 -0.025
3.869 -0.014
3.879 -0.037
3.889 -0.090
3.899 -0.155
3.909 -0.223
3.919 -0.297
3.929 -0.339
3.939 -0.368
3.949 -0.377
3.959 -0.367
3.969 -0.337
3.979 -0.293
3.989 -0.239
3.999 -0.162
4.009 -0.118
4.019 -0.084
4.029 -0.089
4.039 -0.134
4.049 -0.194
4.059 -0.281
4.069 -0.346
4.079 -0.384
4.089 -0.405
4.099 -0.397
4.109 -0.381
4.119 -0.346
4.129 -0.284
4.139 -0.225
4.149 -0.174
4.159 -0.142
4.169 -0.125
4.179 -0.125
4.189 -0.154
4.199 -0.186
4.209 -0.222
4.219 -0.246
4.229 -0.245
4.239 -0.226
4.249 -0.173
4.259 -0.116
4.269 -0.059
4.279 -0.037
4.289 0.016
4.299 0.052
4.309 0.072
4.319 0.077
4.319 0.105
4.319 0.105
4.327 0.116
4.337 0.139
4.347 0.169
4.357 0.194
4.367 0.223
4.377 0.209
4.387 0.213
4.396 0.267
4.406 0.350
4.415 0.471
4.427 0.781
4.437 1.092
4.447 1.377
4.457 1.596
4.467 1.777
4.477 1.946
4.486 2.086
4.495 2.179
4.507 2.356
4.517 2.497
4.527 2.637
4.537 2.801
4.547 2.942
4.556 3.072
4.566 3.156
4.577 3.273
4.587 3.402
4.597 3.516
4.607 3.682
4.617 3.806
4.627 3.918
4.636 4.016
4.646 4.126
4.657 4.266
4.667 4.421
4.677 4.548
4.687 4.646
4.697 4.681
4.707 4.703
4.716 4.686
4.726 4.716
4.737 4.750
4.747 4.769
4.757 4.715
4.767 4.641
4.777 4.619
4.787 4.623
4.796 4.672
4.796 4.798
4.796 4.798
4.805 4.790
4.815 4.721
4.825 4.657
4.835 4.667
4.845 4.726
4.854 4.795
4.864 4.841
4.875 4.894
4.885 4.836
4.895 4.722
4.905 4.628
4.915 4.604
4.925 4.626
4.934 4.666
4.944 4.698
4.955 4.705
4.965 4.611
4.975 4.540
4.985 4.529
4.995 4.535
5.005 4.560
5.014 4.615
5.024 4.631
5.035 4.579
5.045 4.499
5.055 4.445
5.065 4.398
5.075 4.361
5.085 4.394
5.094 4.415
5.104 4.427
5.115 4.386
5.125 4.297
5.135 4.222
5.145 4.187
5.155 4.190
5.165 4.239
5.174 4.323
5.184 4.330
5.195 4.277
5.205 4.213
5.215 4.165
5.225 4.116
5.235 4.108
5.245 4.133
5.255 4.173
5.265 4.171
5.275 4.129
5.275 4.027
5.275 4.027
5.282 4.015
5.292 4.025
5.302 4.031
5.312 4.006
5.322 3.987
5.332 3.975
5.342 3.970
5.352 3.954
5.362 3.954
5.372 3.971
5.382 3.992
5.392 3.993
5.402 3.989
5.412 3.994
5.422 3.978
5.432 3.932
5.442 3.925
5.452 3.905
5.462 3.917
5.472 3.935
5.482 3.948
5.492 3.940
5.502 3.916
5.512 3.909
5.522 3.877
5.532 3.870
5.542 3.896
5.552 3.927
5.562 3.920
5.572 3.905
5.582 3.862
5.592 3.836
5.602 3.817
5.612 3.827
5.622 3.868
5.632 3.873
5.642 3.865
5.652 3.823
5.662 3.788
5.672 3.753
5.682 3.773
5.692 3.833
5.702 3.875
5.712 3.867
5.722 3.840
5.732 3.764
5.742 3.706
5.752 3.705
