0.000 0.048
0.010 0.074
0.020 0.023
0.030 -0.094
0.040 -0.025
0.050 -0.017
0.060 -0.033
0.070 -0.009
0.080 -0.003
0.090 0.016
0.100 0.067
0.110 -0.010
0.119 -0.028
0.130 -0.068
0.140 0.030
0.150 -0.023
0.160 -0.035
0.170 0.016
0.180 -0.024
0.190 0.035
0.200 -0.038
0.210 -0.051
0.220 -0.016
0.230 0.026
0.240 0.007
0.250 0.018
0.260 -0.039
0.270 -0.012
0.280 -0.005
0.290 -0.017
0.300 0.061
0.310 0.049
0.320 0.051
0.330 0.008
0.340 -0.017
0.350 0.015
0.360 0.083
0.370 0.084
0.380 -0.027
0.390 0.041
0.400 -0.018
0.410 -0.001
0.420 0.069
0.430 0.031
0.440 0.047
0.450 -0.002
0.460 0.050
0.470 0.031
0.480 0.020
0.490 0.047
0.490 0.006
0.500 0.013
0.509 -0.004
0.519 0.024
0.529 0.035
0.539 0.026
0.549 0.013
0.559 0.029
0.568 0.046
0.578 -0.097
0.588 0.035
0.598 -0.040
0.608 0.024
0.618 0.070
0.630 0.026
0.640 0.001
0.650 -0.004
0.660 0.042
0.670 0.029
0.680 0.016
0.690 -0.059
0.699 -0.015
0.709 0.033
0.719 0.045
0.729 0.065
0.738 0.047
0.750 -0.032
0.760 0.059
0.770 0.038
0.780 -0.031
0.789 0.038
0.799 0.031
0.809 -0.002
0.819 0.086
0.828 0.010
0.838 0.076
0.850 0.007
0.860 0.017
0.870 0.020
0.880 0.082
0.889 -0.013
0.899 0.082
0.909 -0.027
0.918 0.015
0.928 -0.019
0.940 0.002
0.950 0.010
0.960 0.073
0.970 0.103
0.980 0.073
0.980 0.014
0.980 0.014
0.987 0.005
0.996 0.072
1.008 0.050
1.018 0.036
1.028 -0.003
1.038 0.042
1.048 0.081
1.058 0.034
1.067 0.026
1.076 0.000
1.086 0.022
1.098 0.031
1.108 0.088
1.118 0.009
1.128 0.038
1.138 0.034
1.148 0.011
1.157 0.068
1.167 0.006
1.176 0.007
1.188 -0.013
1.198 0.035
1.208 0.015
1.218 0.029
1.228 0.077
1.237 0.037
1.247 0.088
1.256 -0.039
1.266 0.035
1.278 -0.048
1.288 0.072
1.298 -0.013
1.308 0.073
1.318 0.046
1.327 0.069
1.337 0.018
1.348 0.061
1.357 0.032
1.367 -0.008
1.378 0.099
1.388 0.055
1.398 0.028
1.408 0.028
1.418 -0.071
1.427 0.071
1.437 0.008
1.448 0.021
1.458 0.035
1.458 0.131
1.458 0.131
1.465 0.011
1.475 0.002
1.485 0.068
1.494 0.085
1.505 0.034
1.515 0.039
1.525 0.040
1.535 0.081
1.545 0.028
1.555 0.018
1.565 -0.029
1.575 0.035
1.585 -0.014
1.595 0.021
1.605 0.066
1.615 0.057
1.625 0.008
1.635 -0.035
1.645 -0.042
1.655 -0.009
1.664 -0.063
1.675 -0.007
1.685 -0.029
1.695 -0.033
1.705 -0.072
1.715 -0.027
1.725 -0.145
1.735 -0.079
1.744 -0.103
1.754 -0.095
1.763 -0.179
1.775 -0.207
1.785 -0.180
1.795 -0.151
1.805 -0.193
1.815 -0.265
1.825 -0.195
1.835 -0.215
1.845 -0.279
1.855 -0.230
1.865 -0.251
1.875 -0.199
1.885 -0.312
1.895 -0.275
1.904 -0.272
1.914 -0.276
1.925 -0.340
1.935 -0.338
1.935 -0.280
1.935 -0.280
1.942 -0.390
1.952 -0.416
1.960 -0.391
1.972 -0.383
1.982 -0.477
1.992 -0.463
2.002 -0.438
2.012 -0.409
2.022 -0.462
2.032 -0.461
2.042 -0.426
2.052 -0.468
2.062 -0.520
2.072 -0.465
2.082 -0.494
2.092 -0.486
2.102 -0.458
2.112 -0.480
2.122 -0.554
2.130 -0.472
2.140 -0.529
2.152 -0.513
2.162 -0.462
2.172 -0.486
2.182 -0.511
2.192 -0.535
2.202 -0.496
2.210 -0.456
2.220 -0.465
2.230 -0.466
2.242 -0.499
2.252 -0.459
2.262 -0.498
2.272 -0.541
2.282 -0.533
2.292 -0.491
2.302 -0.521
2.312 -0.544
2.322 -0.507
2.332 -0.466
2.342 -0.510
2.352 -0.507
2.362 -0.474
2.372 -0.550
2.382 -0.520
2.392 -0.475
2.402 -0.521
2.412 -0.414
2.412 -0.456
2.412 -0.456
2.419 -0.521
2.429 -0.480
2.439 -0.461
2.449 -0.547
2.459 -0.468
2.469 -0.482
2.479 -0.502
2.489 -0.485
2.499 -0.452
2.509 -0.490
2.519 -0.434
2.529 -0.492
2.539 -0.499
2.549 -0.481
2.559 -0.485
2.569 -0.504
2.579 -0.440
2.589 -0.530
2.599 -0.503
2.609 -0.478
2.619 -0.440
2.629 -0.470
2.639 -0.413
2.649 -0.464
2.659 -0.442
2.669 -0.501
2.679 -0.508
2.689 -0.503
2.699 -0.489
2.709 -0.487
2.719 -0.448
2.729 -0.414
2.739 -0.456
2.749 -0.449
2.759 -0.408
2.769 -0.481
2.779 -0.453
2.789 -0.424
2.799 -0.491
2.809 -0.436
2.819 -0.518
2.829 -0.460
2.839 -0.489
2.849 -0.519
2.859 -0.440
2.869 -0.455
2.879 -0.453
2.889 -0.547
2.889 -0.470
2.889 -0.470
2.895 -0.441
2.905 -0.495
2.915 -0.437
2.925 -0.437
2.935 -0.471
2.945 -0.372
2.955 -0.399
2.965 -0.346
2.975 -0.238
2.985 -0.094
2.995 0.427
3.005 0.278
3.015 0.326
3.025 0.546
3.035 0.677
3.045 0.777
3.055 0.848
3.065 0.921
3.075 0.847
3.085 0.434
3.095 -0.059
3.105 -1.281
3.115 -1.288
3.125 -1.937
3.135 -2.153
3.145 -2.111
3.155 -2.128
3.165 -1.961
3.175 -1.852
3.185 -1.147
3.195 -0.127
3.203 0.482
3.213 1.751
3.225 2.380
3.235 3.187
3.245 3.483
3.255 3.581
3.265 3.523
3.275 3.067
3.285 2.601
3.295 1.449
3.305 0.211
3.315 -0.736
3.325 -1.117
3.335 -1.457
3.345 -1.231
3.355 -0.879
3.365 -0.282
3.365 3.488
3.365 3.488
3.372 4.025
3.382 4.205
3.392 3.893
3.402 3.410
3.412 2.481
3.422 1.065
3.432 -0.121
3.442 -1.191
3.452 -2.110
3.462 -2.088
3.472 -1.741
3.482 -1.276
3.492 -0.410
3.502 0.827
3.512 1.858
3.522 2.690
3.532 3.092
3.542 3.274
3.552 2.789
3.562 2.210
3.572 1.283
3.582 -0.090
3.592 -1.194
3.602 -1.859
3.612 -1.996
3.622 -1.710
3.632 -1.158
3.642 -0.375
3.652 0.696
3.662 2.053
3.672 2.879
3.682 3.380
3.692 3.362
3.702 2.992
3.712 2.315
3.722 1.459
3.732 0.514
3.742 -0.660
3.752 -1.096
3.762 -1.284
3.772 -1.035
3.782 -0.809
3.792 -0.075
3.802 1.129
3.812 2.394
3.822 3.183
3.832 3.778
3.842 3.677
3.842 1.660
3.842 1.660
3.849 0.873
3.859 -0.497
3.869 -1.128
3.879 -1.385
3.889 -1.383
3.899 -1.030
3.909 -0.471
3.919 0.500
3.929 1.374
3.939 2.235
3.949 2.517
3.959 2.697
3.969 2.399
3.979 2.217
3.989 1.762
3.999 0.579
4.009 -0.245
4.019 -0.700
4.029 -0.938
4.039 -0.821
4.049 -0.619
4.059 -0.156
4.069 0.025
4.079 1.505
4.089 2.088
4.099 2.401
4.109 2.635
4.119 2.278
4.129 2.239
4.139 1.650
4.149 0.808
4.159 0.051
4.169 -0.224
4.179 -0.078
4.189 0.043
4.199 0.324
4.209 0.730
4.219 1.571
4.229 1.829
4.239 2.145
4.249 1.862
4.259 1.747
4.269 1.457
4.279 1.164
4.289 0.473
4.299 0.363
4.309 0.347
4.319 0.423
4.319 0.905
4.319 0.905
4.327 1.061
4.337 1.183
4.347 1.074
4.357 1.078
4.367 0.997
4.377 0.887
4.387 0.807
4.396 0.843
4.406 0.889
4.415 0.800
4.427 0.796
4.437 0.888
4.447 0.850
4.457 0.827
4.467 0.868
4.477 0.923
4.486 0.953
4.495 0.923
4.507 0.980
4.517 1.022
4.527 1.004
4.537 1.129
4.547 1.089
4.556 1.098
4.566 1.121
4.577 1.126
4.587 1.101
4.597 1.190
4.607 1.167
4.617 1.210
4.627 1.276
4.636 1.309
4.646 1.265
4.657 1.276
4.667 1.261
4.677 1.394
4.687 1.386
4.697 1.382
4.707 1.406
4.716 1.459
4.726 1.504
4.737 1.541
4.747 1.574
4.757 1.536
4.767 1.583
4.777 1.620
4.787 1.659
4.796 1.731
4.796 1.734
4.796 1.734
4.805 1.673
4.815 1.878
4.825 1.800
4.835 1.929
4.845 1.897
4.854 1.932
4.864 1.966
4.875 2.027
4.885 2.083
4.895 2.049
4.905 2.136
4.915 2.094
4.925 2.093
4.934 2.118
4.944 2.089
4.955 2.192
4.965 2.306
4.975 2.238
4.985 2.266
4.995 2.293
5.005 2.306
5.014 2.305
5.024 2.347
5.035 2.406
5.045 2.428
5.055 2.387
5.065 2.444
5.075 2.339
5.085 2.363
5.094 2.420
5.104 2.251
5.115 2.132
5.125 2.118
5.135 2.170
5.145 2.167
5.155 2.190
5.165 2.092
5.174 2.144
5.184 2.101
5.195 2.140
5.205 2.024
5.215 2.059
5.225 2.065
5.235 2.033
5.245 2.040
5.255 2.031
5.265 2.020
5.275 2.012
5.275 2.002
5.275 2.002
5.282 1.955
5.292 1.977
5.302 2.025
5.312 1.960
5.322 2.054
5.332 1.905
5.342 1.891
5.352 1.933
5.362 1.939
5.372 1.915
5.382 1.933
5.392 1.947
5.402 1.837
5.412 1.882
5.422 1.832
5.432 1.875
5.442 1.842
5.452 1.924
5.462 1.882
5.472 1.870
5.482 1.877
5.492 1.878
5.502 1.892
5.512 1.798
5.522 1.822
5.532 1.840
5.542 1.795
5.552 1.755
5.562 1.830
5.572 1.795
5.582 1.821
5.592 1.737
5.602 1.831
5.612 1.730
5.622 1.740
5.632 1.734
5.642 1.718
5.652 1.712
5.662 1.709
5.672 1.713
5.682 1.711
5.692 1.735
5.702 1.756
5.712 1.657
5.722 1.681
5.732 1.680
5.742 1.679
5.752 1.700
